#ground_plane ground_plane  0.0000 0.0000 0.0000  0.00  -0.00  0.00
#table table  0.1415 -0.1117 0.0000  0.00  -0.00  1.57
#table_clone  0.9444 -0.1117 0.0000  0.00  -0.00  1.57

#unit_box unit_box -0.1393 -0.1117 0.5454  0.00  -0.00  0.00
#Blue Bin  -0.4652 -0.5901 0.0403  0.00  0.00  -1.57
#Green Bin_0  -0.4654 0.3673 0.0361  0.00  0.00  -1.57

wcase wooden_case  0.56 -0.68 0.58  0  -1.57  -1.48


# Cubes

wc4 wood_cube_7_5cm  0.1646 0.3516 0.5515  1.25  1.57  1.22
wc5 wood_cube_7_5cm  0.2466 0.3591 0.5515  0.93  1.57  0.93
wc6 wood_cube_7_5cm  0.0824 0.3523 0.5515  1.56  1.57  1.56
wc7 wood_cube_7_5cm  0.0793 0.4410 0.5515  -1.78  1.57  -1.78
wc8 wood_cube_7_5cm  0.0881 0.5226 0.5515  2.41  1.57  2.41
wc9 wood_cube_7_5cm  0.2531 0.4410 0.5515  -1.71  1.57  -1.71
wc10 wood_cube_7_5cm  0.1741 0.5210 0.5515  -1.41  1.57  -1.41
wc11 wood_cube_7_5cm  0.2622 0.5232 0.5515  -0.00  1.57  0.00
wc12 wood_cube_7_5cm  0.2578 0.5232 0.6255  -1.57  -0.00  -1.57
wc13 wood_cube_7_5cm  0.1725 0.5295 0.6255  -1.57  -0.00  -1.63
wc14 wood_cube_7_5cm  0.0924 0.5288 0.6255  -1.57  0.00  -1.57
wc15 wood_cube_7_5cm  0.2635 0.4435 0.6255  -1.57  -0.00  -1.57
wc16 wood_cube_7_5cm  0.2434 0.3549 0.6255  -1.57  0.00  -1.57
wc17 wood_cube_7_5cm  0.1623 0.3542 0.6255  -1.57  0.00  -1.57
wc18 wood_cube_7_5cm  0.0813 0.3535 0.6255  -1.57  0.00  -1.57
wc19 wood_cube_7_5cm  0.0821 0.4418 0.6255  -1.57  -0.00  -1.57

# inside wooden_case

wc1 wood_cube_7_5cm  0.37 -0.55 0.625  1.69  1.57  1.67
wc2 wood_cube_7_5cm  0.73 -0.54 0.625  1.67  1.57  1.67
wc3 wood_cube_7_5cm  0.64 -0.535 0.625  1.78  1.57  1.88


box1 cardboard_box  -0.0922 0.3710 0.56  0.00  -0.00  0.08
#box2 cardboard_box  0.4747 0.2672 0.56  0.00  -0.00  -0.70

scale1 scale  0.56 0.3672 0.545  0.00  -0.00  -0.70

pouch1 pouch  0.434 -0.033 0.64 0 0 0 
pouch2 pouch  0.433 0.041 0.64 0 0 0 
pouch3 pouch  0.521 -0.031 0.64 0 0 0 
pouch4 pouch  0.522 0.042 0.64 0 0 0 

# Objects

rCan1 redCan  0.685 0.6031 0.5548  -1.57  0.10  -2.33
rCan2 redCan  0.2135 0.4413 0.5857  3.14  -0.00  -3.02
rCan3 redCan  0.9583 -0.2074 0.5857  3.14  -0.00  0.66

gCan1 greenCan  -0.1067 0.3634 0.69  0.00  -0.01  1.34
gCan2 greenCan  0.2191 -0.1020 0.5548  1.57  -1.55  0.01
gCan3 greenCan  0.1309 -0.5401 0.5858  0.00  -0.00  1.73
gCan4 greenCan  0.3690 -0.5296 0.6768  0.00  -0.00  -2.99

yCan1 yellowCan  0.68 0.1822 0.5856  3.14  -0.00  -1.30
yCan2 yellowCan  0.55 -0.4821 0.5718  -1.57  0.10  -0.83
yCan3 yellowCan  0.36 -0.45 0.61  0.00  -0.00  -2.95
yCan4 yellowCan  0.70 -0.35 0.61  -1.57  -1.09  2.18

rBottle1 redBottle  0.22 0.62 0.556  1.57  -0.42  1.53
rBottle2 redBottle  0.8890 0.1685 0.5558  1.57  -0.10  0.46

bBottle1 blueBottle  -0.14 -0.62 0.6339  0.00  -0.00  -0.00
bBottle2 blueBottle  0.0734 0.2637 0.6338  0.00  -0.00  0.00
bBottle3 blueBottle  0.2630 -0.2751 0.5554  1.61  1.56  1.61

yBottle1 yellowBottle  -0.1430 0.5264 0.5558  1.57  1.47  1.58
yBottle2 yellowBottle  0.8170 -0.1318 0.6093  -2.09  0.12  -0.03
yBottle3 yellowBottle  0.3064 0.0909 0.6339  0.00  0.00  -0.01

#dynamic
#yBottle4 yellowBottle  0.5583 -0.4681 0.6509  3.14  -0.00  3.14

# ??? hammer hammer  0.5550 -0.2206 0.5651  -0.46  0.00  -0.12





